
## input model

lr          = 3.e-5
tot_epochs  = 100
nb_epochs   = 51
losstype    = mse
z_dim       = 10
nb_samples  = 10000
nb_evol     = 22

## loss fractions

mse1 = 1
rel1 = 0 
evo1 = 1
idn1 = 1

mse2 = 100
rel2 = 0
evo2 = 1
idn2 = 1



Name = 2023-12-22 11:57:56.765310

Name = 2024-01-02 12:04:30.715699

Name = 2024-01-03 01:14:26.295056
