
## input model

lr          = 1.e-4
tot_epochs  = 100
nb_epochs   = 51
losstype    = mse_idn_evo
z_dim       = 16
nb_samples  = 10000

## loss fractions

mse1 = 1.e4
rel1 = 0 
evo1 = 1.e2
idn1 = 1.e3

mse2 = 1
rel2 = 0
evo2 = 1
idn2 = 1



Name = 2023-12-22 12:00:32.373605

Name = 2024-01-02 12:00:53.684388
