
## input model

lr          = 1.e-4
tot_epochs  = 100
nb_epochs   = 51
losstype    = mse_idn_evo
z_dim       = 16
nb_samples  = 10000

## loss fractions

mse1 = 1
rel1 = 0 
evo1 = 1
idn1 = 1

mse2 = 1
rel2 = 0
evo2 = 1
idn2 = 1





Name = 2024-01-03 14:25:11.161552

Name = 2024-01-03 14:27:22.305979

Name = 20240103_151017

Name = 20240103_151253
