
## input model

lr          = 1.e-4
tot_epochs  = 100
nb_epochs   = 51
losstype    = mse
z_dim       = 64
nb_samples  = 10000

## loss fractions

mse1 = 1
rel1 = 0 
evo1 = 1
idn1 = 1

mse2 = 100
rel2 = 0
evo2 = 1
idn2 = 1




Name = 2023-12-22 11:58:20.228158

Name = 2024-01-02 12:04:46.142638

Name = 2024-01-02 12:06:02.629882
