
## input model

lr          = 1.e-5
tot_epochs  = 51
nb_epochs   = 31
losstype    = mse_idn_rel_evo
z_dim       = 10
nb_samples  = 10000

## loss fractions

mse1 = 1000
rel1 = 0.01 
evo1 = 10
idn1 = 100

mse2 = 1
rel2 = 1
evo2 = 1
idn2 = 1


Name = 2023-12-21 11:05:03.108772
pleiad13
Name = 2023-12-21 11:09:07.681795
pleiad13