
## input model

lr          = 1.e-4
tot_epochs  = 80
nb_epochs   = 50
losstype    = mse_evo
z_dim       = 10
nb_samples  = 10000

## loss fractions

mse1 = 100
rel1 = 0
evo1 = 1
idn1 = 0

mse2 = 1
rel2 = 1
evo2 = 1
idn2 = 1



Name = 2023-12-21 09:02:16.364095
pleiad13
Name = 2023-12-21 11:04:43.592934
