
## input model

lr          = 0.0002992264636608189
tot_epochs  = 100
nb_epochs   = 61
losstype    = mse_idn_evo
z_dim       = 32
nb_samples  = 18000

## loss fractions

mse1 = 1000000.0
rel1 = 0 
evo1 = 1000.0
idn1 = 1000.0

mse2 = 10.0
rel2 = 0
evo2 = 1
idn2 = 1

Name = 2024-01-03 12:31:29.511589
