
## input model

lr          = 8.452788451602891e-05
tot_epochs  = 100
nb_epochs   = 61
losstype    = mse_idn_evo
z_dim       = 8
nb_samples  = 18000

## loss fractions

mse1 = 10000000.0
rel1 = 0 
evo1 = 10.0
idn1 = 100.0

mse2 = 10.0
rel2 = 0
evo2 = 1
idn2 = 1

Name = 2024-01-03 12:12:57.658806
