
## input model

lr          = 0.0006081350012787176
tot_epochs  = 100
nb_epochs   = 61
losstype    = mse_idn_evo
z_dim       = 16
nb_samples  = 18000

## loss fractions

mse1 = 1000000.0
rel1 = 0 
evo1 = 1000.0
idn1 = 1000.0

mse2 = 1.0
rel2 = 0
evo2 = 1
idn2 = 1

Name = 2024-01-02 10:46:22.753036

Name = 2024-01-02 12:13:37.698891
