
## input model

lr          = 1.9186687406702912e-05
tot_epochs  = 100
nb_epochs   = 61
losstype    = mse_idn_evo
z_dim       = 32
nb_samples  = 18000

## loss fractions

mse1 = 1000000.0
rel1 = 0 
evo1 = 100.0
idn1 = 100.0

mse2 = 1.0
rel2 = 0
evo2 = 1
idn2 = 1

Name = 2024-01-03 12:31:35.242309

Name = 2024-01-03 13:53:02.569568
