
## input model

lr          = 2.870780582024692e-05
tot_epochs  = 100
nb_epochs   = 61
losstype    = mse_idn_evo
z_dim       = 10
nb_samples  = 18000

## loss fractions

mse1 = 10000000.0
rel1 = 0 
evo1 = 1000.0
idn1 = 100000.0

mse2 = 1.0
rel2 = 0
evo2 = 1
idn2 = 1

Name = 2024-01-03 11:03:26.506535

Name = 2024-01-03 14:51:20.429194

Name = 2024-01-03 14:58:57.358984

Name = 2024-01-03 15:00:10.454220

Name = 20240103_150555

Name = 20240103_150655
