
## input model

lr          = 4.168693834703355e-05
tot_epochs  = 100
nb_epochs   = 61
losstype    = mse_idn_evo
z_dim       = 8
nb_samples  = 18000

## loss fractions

mse1 = 1000000.0
rel1 = 0 
evo1 = 1000.0
idn1 = 100000.0

mse2 = 100.0
rel2 = 0
evo2 = 1
idn2 = 1

Name = 2024-01-02 10:46:22.753122

Name = 2024-01-02 14:16:11.494558
