
## input model

lr          = 6.441692655151775e-05
tot_epochs  = 100
nb_epochs   = 61
losstype    = mse_idn_evo
z_dim       = 8
nb_samples  = 18000

## loss fractions

mse1 = 1000000.0
rel1 = 0 
evo1 = 100.0
idn1 = 10000.0

mse2 = 10.0
rel2 = 0
evo2 = 1
idn2 = 1

Name = 2024-01-03 11:03:26.506928

Name = 2024-01-03 14:49:40.777831

Name = 2024-01-03 14:51:20.429205

Name = 2024-01-03 14:58:57.358921

Name = 2024-01-03 15:00:10.459207

Name = 20240103_150555

Name = 20240103_150655
