
## input model

lr          = 0.00031045595881283556
tot_epochs  = 100
nb_epochs   = 61
losstype    = mse_idn_evo
z_dim       = 32
nb_samples  = 18000

## loss fractions

mse1 = 100000.0
rel1 = 0 
evo1 = 10000.0
idn1 = 10000.0

mse2 = 10.0
rel2 = 0
evo2 = 1
idn2 = 1

Name = 2024-01-02 10:46:22.752954

Name = 2024-01-02 14:16:11.300329
