
## input model

lr          = 0.00012618275345906705
tot_epochs  = 100
nb_epochs   = 61
losstype    = mse_idn_evo
z_dim       = 10
nb_samples  = 18000

## loss fractions

mse1 = 100000.0
rel1 = 0 
evo1 = 1.0
idn1 = 1000.0

mse2 = 10.0
rel2 = 0
evo2 = 1
idn2 = 1

Name = 2024-01-03 12:31:29.511780
